LIFETIME
1280
2680
2670
2655
3000
2586
3000
800
3000
3000
3000
3000
3000
3000
3000
680
44
125
480
90
440
6
2580
45
190
638
180
612
1145
970
3000
140
150
120
762
7
480
370
20
260
140
440
870
1611
1060
180
794
809
20
2
130
27
10
45
320
250
2
145
310
625
198
220
40
275
60
165
1422
3
1260
2190
425
1650
100
690
2820
1720
1340
415
160
1130
2
100
280
15
5
36
85
470
3
140
240
195
95
70
50
145
65
795
670
90
1720
1030
950
1250
450
1180
2190
1881
2509
2630
495
2025
25
307
130
480
3000
16
3000
70
840
1080
1100
2780
345
3000
3000
125
